-1.472678434657022308e+03
-1.325167699148660859e+03
-1.496345174782793947e+03
-1.325404396137072354e+03
-1.301872446937389441e+03
-1.330992387381613298e+03
-1.364371742944596008e+03
-1.542580109577881558e+03
-1.483066317520264647e+03
-1.188433464914143997e+03
-1.294222140012545651e+03
-1.059465328837076186e+03
-1.298919460344653544e+03
-1.521151812890508609e+03
-1.523606831963173363e+03
-1.500672643206660268e+03
-1.131879903520470407e+03
-1.557680530681594064e+03
-1.495709201041365986e+03
-1.301738243145822707e+03
-1.508723914886028069e+03
-1.492469558209496199e+03
-1.061590802901786446e+03
-1.453658472259196515e+03
-1.829063506717783639e+03
-1.461566227125595788e+03
-1.462192324173570341e+03
-1.785880997145523907e+03
-1.712252768321482336e+03
-1.351404497102014375e+03
-1.814508157423394323e+03
-1.439331233135446382e+03
-1.352606710207492597e+03
-1.493967074105227084e+03
-1.487832440403233022e+03
-1.077964436961877254e+03
-1.337383713458718375e+03
-1.062025017459495075e+03
-1.059036084728718379e+03
-1.464582382097032678e+03
-1.349124048739089176e+03
-1.319020087638899213e+03
-1.421212009548736205e+03
-1.483019335822856419e+03
-1.290673854155938443e+03
-1.551668997433770073e+03
-1.433345003387383713e+03
-1.036505312169770605e+03
-1.507025312320081184e+03
-1.096853221659065866e+03
-1.646851206916966476e+03
-1.222717707758758479e+03
-1.346994800342462440e+03
-1.219400918954195504e+03
-1.351359152737256181e+03
-1.402089258551064404e+03
-1.218757459906476470e+03
-1.172865340161858740e+03
-1.255067645719269649e+03
-1.130706331837719745e+03
-1.698308500455779949e+03
-1.185865009425767312e+03
-1.372541524169576178e+03
-1.198459692327708581e+03
-1.043344170235546471e+03
-9.891378011739561771e+02
-9.396216306785819370e+02
-8.763917842574949191e+02
-8.677547779292559653e+02
-8.952925381680256578e+02
-1.768012709704669305e+03
-8.765822815169686919e+02
-1.319151666133584058e+03
-1.071390045669473693e+03
-8.767298526918333437e+02
-8.521245427601645588e+02
-1.682272722492861703e+03
-1.588445704060182607e+03
-8.625872428563006906e+02
-9.646309845377435295e+02
-1.071500089126777311e+03
-1.572966237733540083e+03
-1.062367436863496096e+03
-1.174673581536846996e+03
-1.027039130849564344e+03
-1.096706262150570637e+03
-1.746483579738259095e+03
-9.987235725211639874e+02
-1.588782941480942100e+03
-8.871968868418003922e+02
-9.010599421517874816e+02
-9.710328187495915699e+02
-8.640254210473017338e+02
-1.411743876859237389e+03
-9.867260649838535755e+02
-1.201377872489900938e+03
-1.369863470641462527e+03
-1.097085530320846374e+03
-1.427128380143831691e+03
-9.058725988738440265e+02
-1.139837629221802445e+03
-1.028358063917797153e+03
-1.028492403081171915e+03
-1.018919257527181344e+03
-1.228041787014164584e+03
-1.200722065355720360e+03
-1.011856773964655986e+03
-9.939657509614951323e+02
-1.006369560423152393e+03
-1.023951121173329398e+03
-1.370618489362838091e+03
-8.946755036033047190e+02
-9.988248549157642628e+02
-1.082228721529446602e+03
-8.793813515929217601e+02
-7.468546214178539913e+02
-1.049759354639711546e+03
-1.264577220120603215e+03
-8.849635196119755847e+02
-9.601675555550297076e+02
-1.307947989896578520e+03
-9.752651109699759218e+02
-1.123886236021686273e+03
-1.214000802173153261e+03
-1.233060010485387693e+03
-8.802952621111950293e+02
-8.804690107689842762e+02
-8.560435333276087704e+02
-7.884972543994075522e+02
-1.223962849152269655e+03
-8.611737928000151214e+02
-9.014846924815803959e+02
-7.847337083117456586e+02
-1.074818293774534823e+03
-9.172348378074387938e+02
-9.731134726925184850e+02
-1.098332573956398392e+03
-9.715021122128997604e+02
-1.170511532739301629e+03
-8.904582215525273341e+02
-1.028114589173907689e+03
-1.042000064179387437e+03
-1.117914167579728201e+03
-1.093530213067987006e+03
-1.069655268106428366e+03
-8.507736018444544470e+02
-8.959268696690570550e+02
-1.248637660982516991e+03
-1.117083393915592524e+03
-8.862498340295591106e+02
-8.823006701922764705e+02
-1.120228168123931709e+03
-9.841569282834016121e+02
-1.341631961142323689e+03
-9.988092554592547003e+02
-9.255467226870556487e+02
-1.022507200815065289e+03
-1.339158158290347728e+03
-1.213811768113622520e+03
-1.086379637263350105e+03
-1.024756410769488866e+03
-1.173284491871781483e+03
-1.031217790459381604e+03
-1.110279874451343858e+03
-9.105613302202403929e+02
-1.337964336099334332e+03
-9.929685495822016037e+02
-1.001547522176496500e+03
-8.963968811820893734e+02
-1.128788390316390405e+03
-1.105452304916617095e+03
-8.903674594006564575e+02
-8.891436287846929645e+02
-1.462358306815852984e+03
-1.195093729176580382e+03
-1.052255322809580321e+03
-9.963901911369449635e+02
-9.081045001937858387e+02
-9.792177458908975041e+02
-1.039137360597564793e+03
-9.845024458658705271e+02
-9.799859192237079242e+02
-1.006177631389322187e+03
-8.844895902044025888e+02
-9.990646267466404424e+02
-9.194239104455731422e+02
-1.036899091529214957e+03
-1.057844577518141250e+03
-8.597833172803501611e+02
-7.513080122546787152e+02
-9.790730022293124648e+02
-1.012458478486133004e+03
-8.616561073788125213e+02
-9.640851140882267600e+02
-8.802737735425527035e+02
-8.592276576781403037e+02
-6.449518191126276179e+02
-7.614756398545343927e+02
-9.571384509675192476e+02
-1.087387007931119797e+03
-9.830542001716356708e+02
-9.814323212815122588e+02
-7.569356475218669402e+02
-8.477254778291979846e+02
-1.112123273565636964e+03
-1.002245733467224909e+03
-9.922999504864087612e+02
-7.698779067870528934e+02
-7.715528867067752117e+02
-7.501653723612142812e+02
-1.060675801587741489e+03
-1.150523749515755071e+03
-8.772487773791723384e+02
-8.813345806645945686e+02
-8.772592496441845924e+02
-8.862917912035042036e+02
-1.015883768502968792e+03
-1.146200340091610315e+03
-1.067256324019819658e+03
-1.165030047009387999e+03
-1.035113925804283099e+03
-1.152503224843764201e+03
-8.995971962405785689e+02
-1.032162654349134755e+03
-7.764611965377437173e+02
-8.897549249340581810e+02
-9.954335050982075472e+02
-9.470200706436628479e+02
-1.127859961561588307e+03
-7.839108797240032800e+02
-7.593286207483918133e+02
-1.141894090753136197e+03
-1.067749076015643141e+03
-8.980472241568684240e+02
-9.188170343512243790e+02
-9.056451005859275938e+02
-9.488345562837777152e+02
-6.468830793323187436e+02
-8.866631404228114661e+02
-9.552080486157445876e+02
-8.860172907397034123e+02
-8.950915461400578579e+02
-6.295624198106884251e+02
-7.679723913595514659e+02
-6.812403918661707394e+02
-9.911943546683939985e+02
-8.795862520019001067e+02
-9.897061387100150114e+02
-7.203383587514457531e+02
-8.993296230536648181e+02
-9.975855582705682991e+02
-8.379208804796342065e+02
-1.024827150030122084e+03
-8.894701999453229746e+02
-6.456896323640625042e+02
-1.098821181833464379e+03
-1.078281347458168739e+03
-9.054694673124815836e+02
-1.020789602617361879e+03
-1.074690019601130189e+03
-1.055042374400581366e+03
-8.983408673544581688e+02
-6.201125376002912617e+02
-1.044789444796106409e+03
-7.751766606657104148e+02
-1.022457808289481591e+03
-8.810533573109967165e+02
-9.057356094634861847e+02
-9.004729459025536471e+02
-1.037042292666807498e+03
-7.735953723588759203e+02
-8.341828770380362812e+02
-6.438555842740322532e+02
-7.875766901131984241e+02
-8.961106754669386874e+02
-7.881025576440414397e+02
-8.359304740953571127e+02
-6.340708414171549521e+02
-8.835075141846074303e+02
-7.653080249323018052e+02
-7.656721089074741258e+02
-5.230771257589816514e+02
-7.579739735189980365e+02
-9.211461592534100191e+02
-7.811931317236574159e+02
-8.102866229208727873e+02
-3.154211862550980072e+02
-7.620803060550043710e+02
-5.018018264448515424e+02
-7.732409959900334115e+02
-5.137462832785876117e+02
-8.984123051206981927e+02
-9.458497979466643528e+02
-6.482950820245910108e+02
-6.534535990081081991e+02
-5.127528638079600114e+02
-7.396487670456449450e+02
-6.643394651220916103e+02
-5.109685017574074664e+02
-5.285367107281385870e+02
-6.565078837075826641e+02
-6.477509793264958944e+02
-8.515675821385580093e+02
-6.540298537294252128e+02
-7.874066627836257339e+02
-7.797578713496342289e+02
-9.612676114917416044e+02
-6.452600785814764777e+02
-3.862362203937975096e+02
-5.062127843881557396e+02
-6.379675107554115812e+02
-7.915203039700112413e+02
-6.817002543846933804e+02
-7.998269987903764786e+02
-5.235928667654450237e+02
-3.929097073269466591e+02
-5.159403458270763849e+02
-3.869455672710193426e+02
-3.917559236561223202e+02
-8.514984590912304157e+02
-3.909167696659209241e+02
-5.173083372117844192e+02
-5.160361555097002793e+02
-6.414985814985950583e+02
-1.279464887450195647e+02
-4.036298232279417562e+02
-3.985651750453686191e+02
-1.290184311762125731e+02
-8.786341213681464524e+02
-3.927945526607970237e+02
-9.025131281963491574e+02
-4.064036756708541134e+02
-6.542449881837345629e+02
-4.054886449847440417e+02
-7.414530032961745292e+02
-6.605431203397839681e+02
-6.509395219390227112e+02
-1.297514864071572163e+02
-3.893955562779745492e+02
-5.542718054548452074e+02
-1.292073634140409979e+02
-4.231767882538363779e+00
-2.596025159292591411e+02
-8.885130893570951685e+02
-7.471700940710360328e+02
-3.943665667849395504e+02
-7.759359753494862844e+02
-6.514842750520657546e+02
-8.118768360260146437e+02
-6.559605184943843597e+02
-2.712866849714579871e+02
-1.304234630645400728e+02
-1.097396957657622579e+03
-1.256797618710822206e+02
-5.243624963447489336e+02
-9.320188944579465442e+02
-7.869046060823507105e+02
-7.541432126553490889e+02
-6.948531069819623553e+02
-2.051053352092110593e+00
-8.168906710558763962e+02
-1.256205909594908121e+02
-4.268290495067375900e+02
-1.304717554230836924e+02
-5.387262371495407933e+02
-4.075326290199131449e+02
-1.261035382211984341e+02
-1.256584395895384318e+02
-1.299905442080493287e+02
-5.138016509056366203e+02
-7.119382034327137490e+02
-1.308170869834796406e+02
-3.977940717993886324e+02
-5.238020251873216466e+02
-3.892026296661001084e+02
-2.279587905799032921e+00
-3.878261100915812563e+02
-2.553945249344033925e+02
-2.598655194026814002e+02
-5.682031000074919120e+02
-5.959188974737928968e-01
-5.411714873776850254e+02
-3.926617067096912592e+02
-3.848313440198780881e+02
-5.482544479568106226e+02
-1.306057054163650832e+02
-4.325615141811901481e+02
-2.603894575373871589e+02
-2.615536973438611312e+02
-6.660893558764398676e+02
-2.558515041028645101e+02
-1.291718348465517465e+02
-1.343049051466519757e+02
-5.220095391113076175e+02
-1.288639827607267989e+02
-6.667969681009674332e+02
-8.406547329824195458e+02
-3.970408987876402307e+02
-5.510622855980258237e+02
-1.078923524131429986e+03
-1.186166799730156526e+03
-1.242857068971675744e+03
-1.364942336668446110e+00
-1.183654925282046634e+03
-1.308057026683560196e+02
-1.271379761279411866e+02
-5.417532882764983242e+02
-1.256307500067999854e+03
-1.259865997670531442e+03
-1.216806160264310165e+03
-4.278751080769968240e+00
-1.151796852699802912e+03
-6.470534986875867389e+02
-1.335749777106503586e+02
-1.145276352258542602e+03
-1.143821291122291541e+03
-6.192441914737800062e+02
-1.160061200275977399e+03
-1.301176370772418807e+02
-5.392249233767569194e+02
-1.265358498763786628e+02
-1.120277724866263270e+03
-1.312860420155916472e+02
-1.073909035605435065e+03
-2.648911838424601797e+02
-1.308894079993320076e+02
-2.698154870648444330e+02
-6.681029770720809893e+02
-5.341889994432539197e+02
-1.326472823758309971e+02
-8.086864976030285561e+02
-1.309148363865595570e+02
-2.555238522520230049e+02
-1.279246541984169312e+02
-5.471150130730985666e+02
-1.320213208592945762e+02
-2.585137586464129527e+02
-7.140940276925171020e+02
-3.916555644017482791e+02
-3.914352284158749171e+02
-5.277367312752753605e+02
-2.628707449854663878e+02
-1.208820896969782098e+03
-1.202109766180566567e+03
-1.175830572286958841e+03
-2.516470762632218907e+02
-1.077800264452215515e+03
-2.606217558636719787e+02
-1.212144974269551540e+03
-1.305654981484476878e+02
-2.748949236053937852e+02
-4.100472211741867454e+02
-1.171606711414401161e+03
-2.533988059861509328e+02
-7.670094368926014816e+00
-1.089109733633036058e+03
-1.063818867727109819e+03
-4.374265770256874362e+02
-1.301342222164422537e+02
-1.063011329896102097e+03
-1.344134502519007697e+02
-2.626349885652287526e+02
-1.051453479229092409e+03
-9.282133870073199660e+02
-2.354376048972167013e+00
-1.288858793853561906e+02
-1.332047255181944649e+02
-1.308089903287622917e+02
-1.147372707728918385e+03
-2.658777842503718603e+02
-6.981205355904682719e-01
-4.086462139357920478e+02
-2.607569361692915777e+02
-1.283813125463049403e+02
-1.778703643494398134e+00
-1.144335015044157355e+00
-2.647821848477178150e+02
-1.325149155565079013e+02
-3.930722898981933895e+02
-2.702406619217539401e+02
-3.836992162182834250e+02
-1.275199546429325750e+02
-2.609239701390785058e+02
-2.613985585812569070e+02
-1.309543671214644860e+02
-1.299916880096063494e+02
-1.302807935831725388e+02
-3.871833238664701184e+02
-2.583360029036695096e+02
-1.287371337570193361e+02
-1.284677117518794773e+02
-2.753712712190784373e+02
-2.632517665870353767e+02
-2.749571788587425090e+02
-5.412690793600568213e+02
-1.620550604718085319e+00
-1.289954480060436559e+00
-2.682897002630463135e+02
-1.308526057952069266e+02
-1.202079441754014821e+00
-2.532730870796090414e+02
-4.965235517667597378e+02
-1.305056937342266110e+02
-9.249193772441658439e+02
-1.300248023038498957e+02
-5.480485487547875891e+02
-5.220405038666498285e+02
-5.295851647889600144e+02
-1.303613307888579129e+02
-5.420401827003836388e+02
-2.533259231961063449e+02
-3.840333327368376217e+02
-1.123068068511448470e+00
-1.307679600627112109e+02
-1.344991527319257330e+02
-1.316470869475139125e+02
-2.578076706384605927e+02
-1.292742221454416551e+02
-8.459261246574096837e-01
-1.275195554558796402e+02
-3.902394929969842678e+02
-1.265434240601611435e+02
-2.710874755224753017e+02
-3.776551111062217956e+02
-4.175535984289183489e+02
-2.648255097873280306e+02
-3.984368514837871658e+02
-9.231577109431666486e+02
-4.040379647400196177e+02
-1.359380483109202657e+02
-2.841788897512506296e+00
-2.613537815392965626e+02
-2.657454293321414696e+00
-5.346351612995526921e+02
-1.319460669222320917e+02
-1.064241837727138773e+03
-2.610241795555650697e+02
-1.245035008636677247e+02
-7.900634122564197241e+02
-5.211419882783641242e+02
-3.907648914933939182e+02
-2.675366455260418661e+02
-1.288841893309127613e+02
-2.567069625099682071e+02
-3.843839961632313020e+02
-2.695391497819647952e+02
-3.947160021231291012e+02
-7.227316781885818955e+02
-2.754207279313828849e+02
-1.723867750012536781e+00
-5.135867931297841551e+02
-4.675492815843062999e+02
-1.322045308645489854e+02
-1.420331204250844026e+00
-1.259559588249562694e+02
-1.276976195138691139e+02
-1.099537934586070605e+03
-1.104549241505004829e+03
-9.208331996877992651e+02
-2.599522001773676720e+02
-1.310626822961190783e+02
-1.296538246075503764e+02
-2.571996159451216499e+02
-1.289096423028900631e+02
-2.747619038104061246e+02
-3.829699053257026549e+02
-1.345290921268644411e+02
-5.203818675292770877e+02
-2.654251000767555979e+02
-2.648887016060256769e+02
-5.271383930092516721e+02
-2.572468683187624947e+02
-2.590215973422705247e+02
-2.639406534241319946e+02
-1.295548576942554746e+02
-3.934686097804781753e+02
-6.968683636186671082e-01
-6.869195373614867322e+02
-3.801642204827048204e+02
-1.299242311635547082e+02
-4.190201656944766455e+02
-1.314935664986681445e+02
-4.006048981573302399e+02
-9.679161783934094956e+02
-9.676276538195328385e+02
-5.502654292056267877e+02
-1.290924855900499892e+02
-5.303681088345101671e+02
-2.637125120402803873e+02
-6.697225288098139799e+02
-5.259809319213226217e+02
-5.583548590969833185e+02
-4.647166817041755849e+02
-1.344940913710759673e+02
-1.264151647071099660e+02
-4.616141366647150335e+02
-2.586330743669574872e+02
-1.311109071444302856e+02
-1.301793626744949108e+02
-2.603162372090135364e+02
-1.319257505855442218e+02
-1.290108669386298459e+02
-2.648858400569389460e+02
-1.317022842735450752e+02
-2.788160658620690242e+02
-1.692757669148285515e+00
-1.290121855802937318e+02
-4.245590261187336978e+02
-5.268386594414619140e+02
-1.274620781707109387e+02
-1.326541479553640386e+02
-1.283704754097887815e+02
-1.374266611548311516e+02
-2.734101367474510198e+02
-1.303750707831743796e+02
-2.673004146547208961e+02
-2.674785425493267894e+02
-2.624510557378334852e+02
-4.180589636778059344e+02
-1.310020447121993641e+02
-9.576279061198257523e+02
-1.316269162815834477e+02
-4.480483076018022075e+02
-1.157684296994112174e+03
-1.279604789781087391e+02
-1.074987793337528501e+03
-1.281907357384248201e+02
-4.168952849922835640e+02
-9.965579435899121563e+02
-1.224281373500151489e+02
-9.976549393746038277e+02
-1.266916606087013975e+02
-9.662455821664925679e+02
-1.090863090813843655e+03
-3.245082152519469965e+00
-8.782817811185871051e+02
-2.575302120913914337e+02
-2.602075907052058596e+02
-2.608353404397782924e+02
-1.371511792458257105e+03
-1.382322595266765802e+03
-1.284525294325928542e+02
-1.297709280862629555e+02
-3.743180015398187948e+02
-1.389355118946552466e+03
-1.974678205752343763e+00
-1.400371907956748601e+03
-2.574324133797222203e+02
-3.866520966496462961e+02
-2.643224981574591084e+02
-1.293572019269017517e+02
-1.419925828474517175e+03
-1.490893545882641092e+03
-4.217943029378787401e+02
-6.322745065423246160e+02
-1.270719921040542886e+02
-1.479053628552708915e+03
-1.291110235939432016e+02
-2.036743498298371424e+00
-1.264044100536872861e+02
-1.281165831319354993e+02
-2.834057541188155369e+02
-3.023625636553632035e+00
-1.491800809474546895e+03
-3.229078337841560398e+00
-1.307709103702529774e+02
-4.068593204470873843e+02
-1.374100390615811591e+02
-1.281967199346229052e+02
-3.835631011855291490e+02
-4.038625353218041028e+02
-2.509079753789048368e+02
-3.846055525256864485e+02
-3.930622427569413730e+02
-5.353992771949123153e+02
-1.523578556580307350e+03
-5.160315691410985117e+00
-1.328668175018424904e+02
-1.282948252536312168e+02
-5.817159001255651773e+00
-1.431695853547986189e+03
-5.090025982911001279e+00
-1.508356781932041258e+03
-1.326915476180143401e+02
-6.866463117703644592e+00
-2.479896692882528271e+02
-4.162733664506724267e+02
-5.074779607811533921e+00
-1.597092821521536962e+03
-1.526615580478632864e+03
-3.168808960295470456e+02
-1.448449967495071405e+03
-1.498503259534640620e+03
-1.332911045024591203e+02
-7.854116787025874373e+02
-1.559484944699109974e+03
-1.527251168766265209e+03
-1.304121805694368561e+02
-1.070883429286022192e+03
-1.529348638029468702e+03
-1.304590691741708213e+02
-1.513174255296000638e+03
-1.508021249942608165e+03
-1.578915327057355626e+03
-1.319758330775254080e+02
-2.533376537910850175e+02
-1.313655778264657954e+02
-1.607453277882835209e+03
-1.624272009397067677e+03
-1.281606238752993647e+02
-1.531586223802531322e+03
-1.619891231006273074e+03
-1.521696650247667094e+03
-1.568249284678748381e+03
-4.685868207771678726e+02
-1.554786153231813387e+03
-2.415724740995061950e+02
-2.496971871957860412e+00
-3.272919207273790221e+02
-4.029422947039637215e+00
-1.506314321019415502e+03
-2.567717093459642115e+02
-2.521941256503423290e+02
-1.323132531368526941e+02
-1.388890537276828070e+02
-1.525792034625388396e+03
-1.315057707889251617e+02
-3.908116878483272671e+02
-3.541035071778299539e+02
-1.507674536908281425e+03
-1.513729226579066335e+03
-1.527138009879376796e+03
-1.457613165083937474e+03
-1.606550187223092735e+03
-2.591711099860840477e+02
-1.689683466264563378e+02
-1.534866700242828074e+03
-1.352388220633177070e+03
-1.509341551799238914e+03
-1.516562990183912689e+03
-1.630933590081370994e+03
-1.542031785271727585e+03
-2.614854535238687845e+02
-1.521412952461082114e+03
-1.517260748371162435e+03
-1.645523721260254661e+03
-1.502601912205267126e+03
-1.533725483824429830e+03
-1.526242119981893438e+03
-3.992959257806954820e+00
-1.515421215318330724e+03
-2.632945741249426419e+02
-4.756211753345129800e+00
-1.523855034144864476e+03
-1.545915939372042885e+03
-3.165460317137200441e+00
-1.537441649404840064e+03
-1.345877105528706466e+02
-1.549723926484460435e+03
-7.894968555016677492e+00
-1.544102190831290955e+03
-1.592891150538169995e+03
-1.596346094104816302e+03
-1.546682579975315321e+03
-1.421839306911126414e+03
-1.517909475825634672e+03
-2.608860239446734113e+02
-1.541783676829367096e+03
-1.544985299346776856e+03
-2.602677192654695091e+02
-1.372044351164346097e+02
-1.629103461163322208e+03
-3.539288026216251826e+00
-1.278629650610366184e+02
-9.754577253654048707e-01
-1.538860961997718277e+03
-1.485215703055406067e+00
-1.526475801073299863e+03
-1.015315416099240338e+03
-1.039500450532200603e+03
-1.528819763815655051e+03
-1.536440095521737931e+03
-1.522483977963651796e+03
-2.471215712895862850e+02
-1.514449863663473025e+03
-1.294131757207939302e+02
-3.435931242978293110e+00
-1.568117954470511677e+03
-1.471575006092931289e+03
-1.276512274014905444e+02
-3.200170454469017614e+02
-1.448834574367859432e+03
-2.603684959539353372e+02
-1.538919823636859746e+03
-1.463700011348774751e+03
-6.770291049666699479e+00
-1.423362794490239139e+03
-1.496052061396410863e+03
-1.417116204517443975e+03
-1.607870712157154003e+03
-1.539237034353848458e+03
-1.624230152403564489e+03
-1.621581271538311512e+03
-1.314344985804672206e+02
-1.532440736760496748e+03
-1.490238445185694218e+03
-1.530001481079562609e+03
-1.282382242211596690e+02
-2.024426147239550833e+00
-1.308092116775396221e+02
-2.792801480469629727e+00
-1.589932254817952071e+03
-1.530323571613063905e+03
-1.309122150040246026e+02
-1.611793286805567732e+03
-2.642391564549403142e+02
-5.801854938048025545e+00
-3.779828288245341561e+00
-2.757722554545551930e+02
-1.327747236176307695e+02
-5.615197692156485232e+00
-1.618189650011127696e+03
-1.525285152231213715e+03
-1.612696933203885919e+03
-1.283298952527567280e+02
-1.488591341337366430e+03
-2.637317583656594593e+02
-1.301724233293324460e+02
-1.502621716238850240e+03
-1.273439566168535038e+02
-1.428380868795618198e+03
-1.637450024130950169e+03
-1.537800710227572154e+03
-1.322608445095614229e+02
-1.601675701286513231e+03
-1.516932846173357575e+03
-1.609265399829572289e+03
-1.608063963296384145e+03
-1.631496167070377624e+03
-2.690081769191734224e+02
-2.767708227959055876e+02
-1.346428631591906537e+02
-1.288605072524183583e+02
-1.628212247188301262e+03
-1.317865632031833627e+02
-1.535551969092266063e+03
-1.522235662937098823e+03
-1.398174492566493427e+03
-1.394297328893829217e+03
-1.543390920298739502e+03
-1.555536240907033061e+03
-1.524605141165772011e+03
-1.558789405888908277e+03
-1.947722537039975110e+00
-1.538293687415906334e+03
-1.545294292133028648e+03
-1.539738196648750090e+03
-1.492546955069570913e+03
-1.481747331792081923e+03
-1.531259823383898322e+00
-2.566640532341485823e+02
-1.532890593675608216e+03
-1.527102716914654366e+03
-1.553665935106922234e+03
-1.496089814799234773e+03
-1.611715020609636440e+03
-1.513379205670888268e+03
-1.594509360504578808e+03
-1.479559946133165113e+03
-1.339917558259932093e+02
-1.835106969485589934e+00
-2.013752107085338139e+00
-1.434918051269306716e+03
-2.621639294089913506e+02
-1.636918715634882574e+03
-1.611349591633646014e+03
-1.488171811326166562e+03
-1.519983419099833554e+03
-1.499366944432011451e+03
-1.505458231290696631e+03
-1.636701177083047241e+03
-1.531450194610527433e+03
-1.558182076168983485e+03
-1.571811989032225938e+03
-1.334016878586416510e+02
-1.631169103828208108e+03
-1.535446500526415321e+03
-3.883660926454343780e+02
-1.441739058793691811e+03
-1.207218128999141555e+02
-1.535267747473057398e+03
-1.528695872222649996e+03
-1.445010247935917732e+03
-1.380157112674444306e+03
-1.510714821281669401e+03
-3.643429724887742509e+02
-1.504267068620098144e+03
-1.499963995597587655e+03
-1.508533254512639360e+03
-1.374096359777106500e+02
-2.248099992893560550e+00
-1.573861056133185230e+03
-1.506764200076866473e+03
-3.769558800652671238e+00
-2.738225366546011514e+02
-1.460267449072658792e+03
-1.304260059556137321e+02
-1.376527551326785442e+03
-1.644277512143148897e+03
-1.491739703341689847e+03
-2.516088489656144844e+00
-1.550672077452074291e+03
-1.239604353956809518e+03
-1.525549913017923018e+03
-1.498942793409707519e+03
-1.478139237782241253e+03
-1.335680306060388830e+03
-1.514747189010487091e+03
-1.351713574522241061e+03
-1.520394177471137255e+03
-1.509741677304463337e+03
-1.700757532105459546e+00
-1.530270173958672103e+03
-1.791166114046291780e+00
-1.533896456834249875e+03
-1.476072845193504691e+03
-1.600491987279742716e+03
-1.308874670028546063e+02
-1.960796184804300735e+00
-1.526877284820943714e+03
-1.494461925310473134e+03
-1.540187660221946089e+03
-1.533840504700415295e+03
-1.524332854310547418e+03
-1.306053762666606417e+02
-1.308958839518391528e+02
-1.605492154925289697e+03
-7.958986914854756511e-01
-1.307022389633018804e+02
-3.904741445473529082e-01
-1.538130780117781342e+03
-1.559417496492334067e+03
-6.570744701699006152e-01
-1.290177647806692391e+02
-1.413657862902928400e+03
-4.065807891327509749e-01
-2.646710128582560060e+02
-2.500383537411004795e+02
-1.283307890563736464e+02
-1.529657746571879215e+03
-1.500622833424203691e+03
-1.309903017371641170e+02
-1.510231383195669196e+03
-1.605471612485619289e+03
-1.258396749383290683e+02
-1.534934583195990854e+03
-1.436140565824436635e+03
-1.384341392122983962e+03
-1.623285109445974967e+03
-1.528592927478137199e+03
-1.540834997698593952e+03
-3.353392474052439525e+02
-8.421329069178690174e-01
-1.566364394548001428e+03
-1.305064173113119921e+02
-1.555877270989546787e+03
-1.527467066686368298e+03
-1.294512861629592351e+02
-1.600665046390071893e+03
-1.102924690659434326e+00
-1.499915729626169650e+03
-1.052650441030992397e+03
-1.388153056263882036e+03
-1.075872746149657360e+03
-8.980107771897293105e+02
-6.084888248880234718e-01
-1.278168115339852733e+02
-1.530497149317572848e+03
-3.184952368084659202e+00
-1.579383397947019603e+03
-7.259325683196184986e-01
-1.502609417717992756e+03
-1.534468321141923525e+03
-1.629390695461654332e+03
-1.587111718121360127e+03
-3.814453752046294994e+02
-1.549066698912626407e+03
-2.698023107087278731e+02
-1.278335272192365721e+02
-1.480213334685014388e+03
-1.286455333874668554e+02
-1.514383883643037279e+03
-3.207155356359647271e+02
-4.564940724954033580e-01
-2.536734961936437855e+02
-1.370548147517260531e+03
-1.320750344706883652e+02
-1.572926787964255027e+03
-1.623138376709549220e+03
-1.408006602160795353e+02
-1.984201257480050051e+00
-1.591656180940447030e+03
-1.492266241426166744e+03
-1.425417045189775990e+03
-1.628632620298636539e+03
-1.601390238189704633e+03
-1.627395380265756557e+03
-1.126326080187434627e+03
