-1.476709465548772641e+03
-1.494559746472705910e+03
-1.483750463176239009e+03
-1.513953908889579907e+03
-1.477944429747042022e+03
-1.506220494966536762e+03
-1.507927768096538784e+03
-1.471893856287171502e+03
-1.535274296781310795e+03
-1.539465649847942814e+03
-1.468991287716063425e+03
-1.468227089989406750e+03
-1.518186517311628677e+03
-1.498278209735329028e+03
-1.470615200648874861e+03
-1.516584530674126881e+03
-1.461627981394563676e+03
-1.546754443641347962e+03
-1.456799933504886894e+03
-1.498895668385074487e+03
-1.522928580390848992e+03
-1.496644839461343508e+03
-1.513751727449312511e+03
-1.456847854387667212e+03
-1.453769480259033571e+03
-1.452799463843528429e+03
-1.506300619921858924e+03
-1.448716753540501941e+03
-1.446369897771558271e+03
-1.454575683760966740e+03
-1.535614355384270766e+03
-1.479176895817614422e+03
-1.454069778568848278e+03
-1.451546219505120462e+03
-1.479723776281125311e+03
-1.459840582098914638e+03
-1.491655636256140042e+03
-1.441486944669630702e+03
-1.505709976563847022e+03
-1.502465029727470892e+03
-1.479400143513428702e+03
-1.500335242530945834e+03
-1.376301904259455569e+03
-1.418796060650543950e+03
-1.449701474784689481e+03
-1.427525421310706179e+03
-1.465468796993913884e+03
-1.489657031166542993e+03
-1.536196610451914921e+03
-1.527439986804064802e+03
-1.387935260745559617e+03
-1.523909238565144960e+03
-1.423638118213702228e+03
-1.370161113964620426e+03
-1.484812089537090515e+03
-1.322382791703744033e+03
-1.493877605951789974e+03
-1.450164221113385111e+03
-1.476560770340556246e+03
-1.494464729124334099e+03
-1.473687770307403525e+03
-1.438168620529177360e+03
-1.413535460738575011e+03
-1.380821950173303776e+03
-1.415096323345731207e+03
-1.368391447125855848e+03
-1.349313905577579590e+03
-1.538401477234491722e+03
-1.397426761669701591e+03
-1.479863974759961820e+03
-1.404943830300893296e+03
-1.347739190847707050e+03
-1.478857153071592393e+03
-1.512125429229050724e+03
-1.486819217113604509e+03
-1.545069139581891022e+03
-1.403953807770476260e+03
-1.297087648812559792e+03
-1.375895349201524823e+03
-1.437107247958657354e+03
-1.223880665804209457e+03
-1.466016548740931512e+03
-1.371692741283470923e+03
-1.493611730186509931e+03
-1.470110913157675441e+03
-1.321206252176458975e+03
-1.449641463030842715e+03
-1.455449329598520535e+03
-1.441043660699095199e+03
-1.375229315722687488e+03
-1.420604640452661215e+03
-1.399589276028842278e+03
-1.341873869094440352e+03
-1.511473727529356893e+03
-1.411252138323472536e+03
-1.537986701228566972e+03
-1.503398918180093006e+03
-1.338825425854335208e+03
-1.439219407423837765e+03
-1.353551382317006983e+03
-1.244904433431910775e+03
-1.515367014879359658e+03
-1.298671846741892523e+03
-1.487702565937424424e+03
-1.396751701702425635e+03
-1.373296638629150948e+03
-1.238146708154616135e+03
-1.466553408507757240e+03
-1.491747755308387696e+03
-1.319036458113771914e+03
-1.465774250990676819e+03
-1.328353121333086847e+03
-1.313367051998021225e+03
-1.506351786233998837e+03
-1.299682259544646058e+03
-1.493350098139467036e+03
-1.530862694068830251e+03
-1.454381795368838539e+03
-1.472073806061343930e+03
-1.470352321598724302e+03
-1.402587031155993827e+03
-1.477825740028655446e+03
-1.461707526752238664e+03
-1.434687053573942194e+03
-1.360901063051026313e+03
-1.342848209493270588e+03
-1.452219973027853939e+03
-1.466690793178135891e+03
-1.301897527311304657e+03
-1.163916791568977033e+03
-1.476920212997174303e+03
-1.491526302511588256e+03
-1.423117622696189528e+03
-1.426091008026923419e+03
-1.351190361533865826e+03
-1.298721565165419861e+03
-1.211034703662981428e+03
-1.337026249278647128e+03
-1.325499699866728179e+03
-1.289250252509029224e+03
-1.477792597856291877e+03
-1.344522433385409613e+03
-1.148698296667222849e+03
-1.323412483094924482e+03
-1.377248440512185425e+03
-1.340950662384771704e+03
-1.346361418083166200e+03
-1.308392676816937865e+03
-1.215562547205014880e+03
-1.290270524018902506e+03
-1.202704432641922267e+03
-1.187209389200788337e+03
-1.199267136859964239e+03
-1.205235810917574554e+03
-1.147466323810143876e+03
-1.152608645421851406e+03
-1.141588586774126725e+03
-1.327103897554051628e+03
-1.153135705612404081e+03
-1.183239805364188896e+03
-1.418311995188443916e+03
-1.325159546599504210e+03
-1.208999170248764813e+03
-1.337480294376205165e+03
-1.221427204516784741e+03
-1.188857622002965627e+03
-1.168842791032458990e+03
-1.351919444465402194e+03
-1.297243640408694773e+03
-1.237584638104272244e+03
-1.254360825742184034e+03
-1.219318711225357902e+03
-1.219427478949131682e+03
-1.280334414892372706e+03
-1.342317973790822634e+03
-1.336645622456282581e+03
-1.265121087417528997e+03
-1.335691192743171996e+03
-1.360476539721555582e+03
-1.327419477192258910e+03
-1.319838831620862493e+03
-1.423988082968368872e+03
-1.431011554279937855e+03
-1.241845083800023076e+03
-1.389223481063707368e+03
-1.469845443044150898e+03
-1.340690620756130784e+03
-1.230564274739123448e+03
-1.302894251213361031e+03
-1.281195851058544349e+03
-1.338222125836619625e+03
-1.188575299145386452e+03
-1.300736283279259169e+03
-1.308195760419112503e+03
-1.411716688709542041e+03
-1.432880378476759461e+03
-1.352454160385655541e+03
-1.377921123528175485e+03
-1.329150834306339220e+03
-1.339415179149307960e+03
-1.344763069759414748e+03
-1.336184667878354730e+03
-1.170150517339637418e+03
-1.329958833586891387e+03
-1.387430714276795243e+03
-1.302383404670663595e+03
-1.307434442594820666e+03
-1.449787955335123570e+03
-1.418560624852958881e+03
-1.271679404058646469e+03
-1.305059559595385736e+03
-1.155151300942224452e+03
-1.259283063438311501e+03
-1.186459612058574066e+03
-1.225580656608712616e+03
-1.188835789504731338e+03
-1.230431791132318722e+03
-1.301137390985299817e+03
-1.262567346349923127e+03
-1.303488294743847064e+03
-1.222886533983810295e+03
-1.177273347306573669e+03
-1.330206158001097492e+03
-1.231777228580413293e+03
-1.128266192422711356e+03
-1.213744329371522781e+03
-1.079643292125500693e+03
-1.259901698388369368e+03
-1.128622173650369177e+03
-1.136400986162647314e+03
-1.150629995358114684e+03
-1.058134454427053242e+03
-1.112638751700746525e+03
-1.182659936336274313e+03
-1.090394000350336455e+03
-1.214743571191852197e+03
-9.943671418576864198e+02
-1.138550860737578205e+03
-1.091215161022407301e+03
-1.017092233496558038e+03
-1.141916518625145272e+03
-1.175480444805028128e+03
-1.127339295346067502e+03
-1.154636624539592049e+03
-9.088776793135652952e+02
-8.948207103735351211e+02
-1.071169230397639012e+03
-1.048151841611823329e+03
-1.188660533006401693e+03
-8.600627704826898707e+02
-8.920616387292300260e+02
-1.100364442057563792e+03
-1.113757951592209110e+03
-1.290137700582222806e+03
-1.025688864458443277e+03
-1.150429292213870667e+03
-1.075992671145447275e+03
-1.037215821244741846e+03
-1.051832326057037562e+03
-1.106936107047087262e+03
-9.022354150012855598e+02
-1.031808302451959435e+03
-1.236334440419353541e+03
-1.235695615453882965e+03
-8.623348000760242940e+02
-7.412432911453336146e+02
-9.072223577058975934e+02
-1.035711976911893771e+03
-1.105281424227348225e+03
-1.095465058394220705e+03
-8.762460910873892317e+02
-9.904943688990687178e+02
-1.119590527245715975e+03
-1.073660824117907396e+03
-1.035532989540849940e+03
-1.038110842709562348e+03
-1.049572148450715531e+03
-1.024880369661553686e+03
-9.663547917284845425e+02
-9.944922643577365307e+02
-1.031521231360372440e+03
-1.063816216788693737e+03
-1.010046594349822158e+03
-1.156230205137261692e+03
-1.183684995143107017e+03
-1.172562795222883551e+03
-1.176347221143349543e+03
-1.070911726568720042e+03
-1.174835924282836686e+03
-1.169214842179186007e+03
-1.150174595407864899e+03
-1.112428201780983500e+03
-1.132194110748200956e+03
-1.117867281663756103e+03
-1.071814860858659813e+03
-1.045959135680419649e+03
-1.151442348417961739e+03
-1.144723892842080659e+03
-9.000663379608612331e+02
-1.064087124563719726e+03
-1.046381272932696220e+03
-1.048860011788566226e+03
-1.069093255373831880e+03
-1.140561702373401204e+03
-1.143889621189932313e+03
-1.075346233867688852e+03
-9.007607788907855593e+02
-9.250293649384345827e+02
-8.933043729684948175e+02
-1.179542172868269517e+03
-7.622183993829984274e+02
-9.949587398004216539e+02
-1.090418132383916372e+03
-1.038515828114385158e+03
-1.043411263170152324e+03
-1.150055429281092984e+03
-1.228186714301868960e+03
-1.268781095747010795e+03
-1.257469807986355136e+03
-1.224114717819164525e+03
-1.194506721371205458e+03
-1.163977307059930354e+03
-1.303494937940896307e+03
-1.277033545221465147e+03
-1.210541529557462809e+03
-1.372483791808145270e+03
-1.196986188792503299e+03
-1.158406848976202809e+03
-1.108098157321277995e+03
-1.034397128912918106e+03
-1.091639507373142351e+03
-1.002323385032761394e+03
-8.611803364170793884e+02
-1.139869046690015466e+03
-1.174539800691264645e+03
-1.139272585203959352e+03
-6.980274517265474969e+02
-9.312103396987537280e+02
-1.101243076818831469e+03
-1.190090023141608299e+03
-1.051851831317342430e+03
-1.237387949911745636e+03
-1.035521682256042141e+03
-1.026816148407440778e+03
-1.025887693945890987e+03
-9.966066388649672945e+02
-9.888989584986235286e+02
-1.230684268720404134e+03
-1.136511938776075340e+03
-1.248052067997161430e+03
-1.209565816536357033e+03
-1.195671847174509367e+03
-1.194218665163270998e+03
-1.305121877884060950e+03
-9.101229168222984072e+02
-1.021750675957782846e+03
-1.204239976051460189e+03
-1.176207280979138204e+03
-1.226444314352699394e+03
-1.129834357792244646e+03
-1.184359575832596875e+03
-1.039604379647402993e+03
-9.358393550355455091e+02
-1.145696795774458451e+03
-1.179155965637171676e+03
-1.048626881209675958e+03
-1.079444366094884572e+03
-1.057464007805309166e+03
-1.129939057818785841e+03
-9.157202713037235071e+02
-1.196161607338862723e+03
-1.274274725629855539e+03
-1.200991153530613474e+03
-1.202226794351355011e+03
-1.160618633753811309e+03
-1.066607821146656306e+03
-1.226290338874080362e+03
-1.378401460594646096e+03
-1.204784470686479608e+03
-1.343308577377876190e+03
-1.153819883259317976e+03
-1.052208657075601650e+03
-1.319501067492689799e+03
-1.291331350039183235e+03
-1.155698472622260397e+03
-1.293723351252132261e+03
-1.081654137031645405e+03
-1.197188787516444108e+03
-1.252224853060558644e+03
-1.155606906215067738e+03
-1.172013824136796075e+03
-1.142532451404722451e+03
-1.102525257042541625e+03
-1.187062462283517789e+03
-1.178579367905117124e+03
-1.054244630070372068e+03
-1.202178605036406225e+03
-1.296020841337901174e+03
-1.275188601963132214e+03
-1.265061563605413312e+03
-1.203903901678581633e+03
-1.182469768359208501e+03
-1.181946764167149240e+03
-1.060218826083853628e+03
-1.197720669227230019e+03
-1.169991095443584754e+03
-1.100022093002876545e+03
-1.137057421325588166e+03
-9.896725339306875640e+02
-1.139980287018397803e+03
-1.187914922973334114e+03
-1.081309246101910276e+03
-1.133835035712407262e+03
-1.023470483304201935e+03
-1.033419188870415155e+03
-1.163066601784553313e+03
-8.898791211845453972e+02
-8.878744555300040702e+02
-1.055069461353886481e+03
-1.129590628057316280e+03
-1.134578035631682269e+03
-1.083913648955107647e+03
-1.146255518219783198e+03
-1.038433515420265849e+03
-8.661213664343805476e+02
-1.101166501216913957e+03
-1.037710512382875777e+03
-1.134640087490704445e+03
-1.013380364791606553e+03
-9.977626362717526263e+02
-1.046879929910952569e+03
-9.580808418306332896e+02
-8.739205922834378271e+02
-1.018741927188429827e+03
-9.206356644813072307e+02
-1.036258415588710704e+03
-1.030843017317273279e+03
-1.114319069851094127e+03
-1.065605910906979716e+03
-1.301762731143508745e+03
-1.174961154837649246e+03
-1.161206315526629623e+03
-1.189127595595875846e+03
-1.290403608315690462e+03
-1.030708863040522374e+03
-1.157876681483957555e+03
-1.066213066770609657e+03
-1.042183576502597134e+03
-1.117876507523103555e+03
-1.053524759486801713e+03
-1.144625990167322925e+03
-1.304394672350451174e+03
-1.289626378767385404e+03
-1.313403094933724333e+03
-1.062318506041274304e+03
-1.033282062832394786e+03
-1.023457832701617690e+03
-1.281597570359300335e+03
-1.026524840961741575e+03
-1.034174957389424662e+03
-1.331000136722048182e+03
-1.180374018433147285e+03
-1.284002594497633027e+03
-1.027587977197189730e+03
-1.151763363514283355e+03
-1.187019485479965624e+03
-1.179092111687504030e+03
-1.184935171944185868e+03
-1.182152086733029364e+03
-1.083305587935293488e+03
-1.151883068446171364e+03
-1.020241086827166896e+03
-1.129220512763189618e+03
-1.031012549211173564e+03
-1.148262297086517037e+03
-6.428685677607334128e+02
-1.178745055167963983e+03
-7.605324002122072216e+02
-1.066034006495879112e+03
-7.424074203489442425e+02
-9.165163140297369182e+02
-9.464742650010711031e+02
-8.678589334784896892e+02
-7.514034006290613661e+02
-7.649220648566190448e+02
-7.760441316744727374e+02
-8.966854747361870750e+02
-7.938137487948703210e+02
-8.344311009448118739e+02
-8.767938041513543794e+02
-1.056301984168752824e+03
-9.940808975809402455e+02
-9.153112405091467281e+02
-1.009520449130266229e+03
-1.029279365247545002e+03
-8.283272271801372426e+02
-9.205927189669567952e+02
-7.989993311271396124e+02
-8.778028593568362794e+02
-8.458745544036078172e+02
-8.813550099544999057e+02
-8.899114471544373828e+02
-7.681585819466338307e+02
-7.022328903583513693e+02
-7.782125345695939131e+02
-7.382425764167918487e+02
-8.086305487001774281e+02
-7.845550044893527684e+02
-7.806230861773583456e+02
-1.019768227450657491e+03
-1.147700853177065937e+03
-1.188036365687893976e+03
-1.051339539121134294e+03
-1.174687492874709278e+03
-1.162914199954036576e+03
-1.074537514532196610e+03
-1.271569961835739377e+03
-6.159261375804437648e+02
-1.147232005497754017e+03
-1.183576278115634523e+03
-1.072694533745166837e+03
-8.901767018056584675e+02
-1.137757498052072606e+03
-1.241135432654912620e+03
-1.189615225085665543e+03
-1.177419196518999570e+03
-1.045010431810262617e+03
-1.159664629516935065e+03
-1.024879576866941306e+03
-1.183904208575993152e+03
-1.050913316853752576e+03
-1.101194372447403111e+03
-1.032958448485638428e+03
-7.715856968946216057e+02
-8.209692645757261289e+02
-6.162784066580651370e+02
-8.727426376346475081e+02
-9.817737794924473747e+02
-9.999230246679205720e+02
-9.739136411477838919e+02
-8.604387456701734891e+02
-7.785327681979430281e+02
-1.014874025746153166e+03
-5.789869090381549768e+02
-7.452776558645042542e+02
-1.086249469902990541e+03
-1.040001448710068871e+03
-1.051849547773937957e+03
-1.112423223405490035e+03
-1.120851925999015521e+03
-1.063233185529319599e+03
-1.037521891935525900e+03
-1.029636170104583016e+03
-9.565289267352524121e+02
-1.350954893754723344e+03
-1.317768303197955902e+03
-1.163094278562821728e+03
-1.181411074896168657e+03
-1.162543621076150885e+03
-1.087761274924095233e+03
-8.899305388468761748e+02
-1.211142501876208144e+03
-1.038529746065595873e+03
-6.004862385867440935e+02
-9.468840170724467953e+02
-1.018878086732772090e+03
-9.114111515254966207e+02
-9.031929295013537740e+02
-1.049823106071415623e+03
-9.464408085183513322e+02
-1.017087552897017645e+03
-5.555200403177026374e+02
-1.041027696136249006e+03
-8.888650301163017957e+02
-7.998369005716890570e+02
-8.965808353989696116e+02
-9.166153644995187051e+02
-1.067167321864210180e+03
-1.054389059326903180e+03
-1.027207421291183209e+03
-1.071143565772454622e+03
-1.037104085168784422e+03
-1.024758515764748836e+03
-9.102568673045092282e+02
-8.847666442123852448e+02
-1.024733028807329902e+03
-1.038959378687851313e+03
-1.023147891227237324e+03
-1.051859611605754026e+03
-1.208204246623210565e+03
-9.966207184768220486e+02
-1.128310857925901701e+03
-6.461127398002914788e+02
-8.838675828218306378e+02
-6.284216099166999356e+02
-7.779253187061008248e+02
-9.111561809915561980e+02
-7.536178994377298750e+02
-7.836428471275468155e+02
-9.009202583351406020e+02
-7.856262227293163960e+02
-1.021268664277509288e+03
-1.058179012934748698e+03
-6.296894685761782284e+02
-6.442065170240463203e+02
-6.463500534926042747e+02
-8.969105332604223122e+02
-8.858114841606958407e+02
-9.046504747802492830e+02
-6.227258961241250290e+02
-8.921778780266075728e+02
-6.293911159754724167e+02
-5.187783609394582527e+02
-5.127526091740581933e+02
-8.850100615188526945e+02
-7.513946678537180333e+02
-8.812264340770381068e+02
-7.392902643761428862e+02
-8.657670162540928231e+02
-1.056910877601909988e+03
-9.889115024571659660e+02
-1.046634070910043647e+03
-1.163471265387666108e+03
-1.015008677855728820e+03
-6.323036257239027691e+02
-4.622624896407917277e+02
-1.287300359550022449e+03
-1.323896219034056458e+03
-1.049757918660027599e+03
-1.167706543127386794e+03
-7.808925110155186076e+02
-9.115013652792960102e+02
-1.215722833149155804e+03
-9.302147843606791184e+02
-9.615875208068811162e+02
-7.684917563672432834e+02
-1.096347968322516635e+03
-1.204928168851678038e+03
-1.180662524430376379e+03
-1.269470312302439879e+03
-7.746827787696499854e+02
-6.500025322094296598e+02
-1.214107403546693149e+03
-1.199232953004694991e+03
-1.205553325013002222e+03
-1.179653578430496282e+03
-1.073997804180660523e+03
-1.155489855033357571e+03
-1.109977200779850136e+03
-1.143637007879715611e+03
-8.745051032319790920e+02
-1.146895892727343607e+03
-1.035737398897332923e+03
-5.150005208321612145e+02
-8.980142712406732244e+02
-1.090953040688061947e+03
-1.120317478095646720e+03
-1.047009355050430486e+03
-1.003237551404004989e+03
-7.385392241262655944e+02
-8.781633645375862898e+02
-4.009204539834227603e+02
-7.389499215169795434e+02
-6.279019920394848668e+02
-8.763802272821981205e+02
-6.800179111608625817e+02
-6.620466007368285091e+02
-9.228741723017168397e+02
-6.497066329523021295e+02
-9.444778658757737730e+02
-7.900609808158322949e+02
-8.934402515024372633e+02
-7.947414853104534131e+02
-6.466941566782346626e+02
-9.086215603790479918e+02
-1.035134523581616122e+03
-9.099543838002007305e+02
-6.358944520392008144e+02
-6.149030202322463765e+02
-6.341658152889075382e+02
-3.819566667130104065e+02
-7.941889959495275662e+02
-6.450343015058392666e+02
-5.054434809850177430e+02
-6.190022967267148033e+02
-8.618120586001637093e+02
-3.859133817667378139e+02
-6.168593809831000954e+02
-5.305977176945194742e+02
-4.420989526902519060e+02
-7.638112553488311960e+02
-9.105669882578121133e+02
-6.803880950114033794e+02
-6.217291252453004518e+02
-4.989864178655221281e+02
-8.379408165484109077e+02
-6.473713904178996472e+02
-8.237588874017404805e+02
-3.604082931148883517e+02
-1.047066800246372622e+03
-9.904669653619253040e+02
-9.197380131519327051e+02
-6.293060004132748873e+02
-9.787343693847884651e+02
-8.812872691828770257e+02
-6.332264994920359413e+02
-3.877978861232250551e+02
-6.328470723583581048e+02
-6.586838040194196537e+02
-4.936248197545936591e+02
-7.296904105885396348e+02
-5.340205299408082738e+02
-7.561363478161556486e+02
-8.392942958531949671e+02
-5.133875691715978746e+02
-7.530155632384352202e+02
-1.014337699510168363e+03
-3.624476746063977544e+02
-7.758342267711300337e+02
-9.987481440195138020e+02
-7.949925519673703320e+02
-9.234627580856920304e+02
-7.583251128121626152e+02
-7.100020426788285022e+02
-7.626763289724847255e+02
-4.940180765418169244e+02
-7.114127734491042929e+02
-5.114168954589887335e+02
-7.721801647331204776e+02
-5.138753865770884204e+02
-7.427310373332924200e+02
-3.840766313041756348e+02
-6.271996671173268396e+02
-6.306488687898163334e+02
-2.598832568094692874e+02
-5.110399229697127907e+02
-7.789042889536723351e+02
-7.722747648426791329e+02
-9.358110702204309064e+02
-3.797373912792297688e+02
-1.051601542435619422e+03
-1.058944279819545045e+03
-1.211304998467147016e+03
-7.636395703450853034e+02
-1.197675818246846802e+03
-5.223906202448707745e+02
-5.146220739306070300e+02
-5.396144420076163897e+02
-1.234401120053575141e+03
-1.203433790923671722e+03
-6.831273293918595755e+02
-1.052536765669421357e+03
-7.762293534945517877e+02
-1.194204347834722739e+03
-7.782454833999686343e+02
-5.160739572587411885e+02
-1.179157796331043528e+03
-4.682887452192642854e+02
-1.117071211565306157e+03
-7.550333222569058762e+02
-9.416894906316158540e+02
-6.784797183147466058e+02
-5.288903447523721297e+02
-3.957809733857649803e+02
-3.892135498370859068e+02
-6.352314290938619479e+02
-5.140801488712864966e+02
-3.884942270100095243e+02
-7.617278616209647453e+02
-5.126925092961702148e+02
-3.912136299125377263e+02
-6.227960380874525299e+02
-3.931038416395717832e+02
-6.267609351380062890e+02
-3.817185292916742583e+02
-3.878275251877373080e+02
-1.388051766043668351e+02
-3.902271207989721802e+02
-7.769704099961157908e+02
-7.792892716505298267e+02
-5.129197938880253105e+02
-2.570652519750821625e+02
-5.224400981377298194e+02
-6.463549421602207303e+02
-7.795429569238506247e+02
-5.185625457659663198e+02
-5.010621471779105605e+02
-2.605013659406855595e+02
-2.591579793216431540e+02
-6.487870816883156522e+02
-5.081084465902350189e+02
-4.667217630087910720e+02
-7.382470661585089147e+02
-6.444760532723638562e+02
-5.200253707610587526e+02
-7.245285835478354102e+02
-5.070342835190811002e+02
-7.603554710992129912e+02
-6.337175835577056660e+02
-3.844944310435289481e+02
-6.445956342510346531e+02
-5.148952935894479879e+02
-5.013594299630461819e+02
-4.353439703337985520e+02
-3.862301200606775069e+02
-2.600641297247411217e+02
-3.827250188325504041e+02
-5.121595858266156256e+02
-1.319725681075703960e+02
-5.123852896254654752e+02
-2.570209751808606029e+02
-3.813855021158695422e+02
-4.055884518339065608e+02
-8.022611049823917710e+02
-5.888221426076095213e+02
-6.441493063666115404e+02
-2.582800540695241693e+02
-5.203455157678494061e+02
-3.833156915866752001e+02
-3.913269306678345174e+02
-1.279679331996646567e+02
-2.657317898028631475e+02
-6.270120281264763662e+02
-5.161253656846051854e+02
-2.597218967935374963e+02
-3.969665272563024701e+02
-5.079847627934719867e+02
-9.360446585267034152e+02
-3.746337611098747402e+02
-3.906652984501917558e+02
-1.660456121382706485e+00
-2.596735845543327059e+02
-2.592386405129022933e+02
-7.798934738913756064e+02
-7.393547719960243967e+02
-6.540482047835873800e+02
-7.844320747898079844e+02
-6.556337006216439249e+02
-3.950285577094361997e+02
-1.267986450728772070e+02
-1.283024007727713354e+02
-3.707740347015615043e+02
-1.507573524949103216e+02
-2.570991529194287750e+02
-5.134406489558324438e+02
-2.319102900806012144e+02
-1.296351430935080202e+02
-3.836420192035133709e+02
-1.282083917227551524e+02
-1.275490467227211582e+02
-1.300648098902989318e+02
-1.282419794193041014e+02
-3.853016306717905195e+02
-2.598835224286319203e+02
-3.717663591603320716e-01
-3.389870955887753223e-01
-2.526829947597945534e+02
-3.744954285575475410e+02
-1.298216877353073073e+02
-1.292681248535454586e+02
-2.592991462083199963e+02
-2.513056171348794123e+02
-5.903120269836524585e+02
-2.551525357283940991e+02
-1.289428929350371504e+02
-1.273091434486826756e+02
-3.924963262125652363e+02
-3.923084861838408415e+02
-6.491067584868366112e+02
-2.555363570019850386e+02
-1.483979215514446892e+00
-2.486474190327614338e+02
-3.824143090964078056e+02
-1.304082658497025307e+02
-2.624670679095159471e+02
-2.212330539935392526e+00
-5.023486983573412772e+02
-1.294832196411666132e+02
-4.765620538244766067e+02
-6.324659509576712253e+02
-1.348763244143921440e+02
-1.308858583793248158e+02
-3.937650224370013916e+02
-2.557443218808402889e+02
-2.586781853285095849e+02
-2.950084487439449621e+00
-2.471649619080967284e+02
-1.294347395230990685e+02
-1.284524545148728123e+02
-2.532896967647340034e+02
-1.292620005772332377e+02
-4.047542254325935005e+02
-6.853389021786365447e+02
-8.545189667465139109e+02
-5.282167787779761738e+02
-7.379083341675793939e-01
-2.490751242730048602e+02
-1.324267193020464788e+02
-2.610188308135831790e+02
-6.483689332331575770e+02
-5.183732675539024513e+02
-1.285713511018345230e+02
-3.934525299709287083e+02
-2.554914728073608785e+02
-2.520767002930755893e+02
-3.917159818937972204e+02
-5.572303146792880852e+02
-6.359403053898455482e+02
-1.276548737197771004e+02
-1.239363036424196167e+02
-9.671359450352904332e+02
-2.549459220889010851e+02
-7.325721384343594309e+02
-1.100587552047841866e+00
-1.314285429495351138e+02
-1.373855924728433422e+02
-3.833271616347072950e+02
-3.832885790800808650e+02
-5.221142537001223900e+02
-3.847487382300353147e+02
-3.873877756559170393e+02
-6.216567353909084659e+02
-4.033833841358686527e+02
-1.318939232362574785e+02
-4.036740926216777439e+02
-8.280205257635260274e-01
-6.528750254159252790e+02
-1.598286904461174718e+00
-5.390082681128375270e+02
-3.868196879905159449e+02
-6.559224925376604460e+02
-6.353843299926813870e+02
-2.614338077254020618e+02
-4.598322611828825623e-01
-5.638622903867448031e+02
-1.276293652920529382e+02
-1.308680021055627662e+02
-2.528408270990070150e+02
-1.099385335116834783e+00
-2.032964573909536110e+00
-2.516887284355204031e+02
-6.683231070530800935e+02
-2.593710350806665588e+02
-2.594106739695663464e+02
-2.481872600895241021e+02
-1.295305094723919694e+02
-4.234860960632963467e-01
-4.738541319517519810e+02
-2.532057229333785529e+02
-1.294157102150896606e+02
-5.250057992726653993e+02
-5.229734702022749389e+02
-2.566826813096327555e+02
-3.729283915690684807e+02
-1.077842980643693181e+03
-1.085607849370241411e+03
-4.051527392572664326e+02
-1.061531389041125749e+03
-1.349541439781780241e+02
-1.444133419640068805e+00
-4.724861318968966657e+02
-1.307463842224093469e+02
-3.297721044683923992e+02
-1.118186440843193623e+03
-3.810773663277375931e+02
-4.845053551953065529e+00
-2.566417214632087394e+02
-5.163686475101660562e+02
-2.626285919506291293e+02
-6.617478012123146982e+02
-2.595445825832297260e+02
-3.868016164218190625e+02
-1.262215651580583824e+02
-1.292844488547536059e+02
-1.286337405345680338e+02
-2.606303954068629309e+02
-2.609010443434417539e+02
-5.183231816943647345e+02
-3.779431664876566401e+02
-2.585517469556059496e+02
-2.616298841954686054e+02
-3.896389667061150135e+02
-1.288391032009418495e+02
-3.826813984333077201e+02
-5.355106126227215100e+02
-3.850187211377043468e+02
-3.945174055809087310e+00
-4.019491075421693154e+02
-1.229961028616919378e+02
-2.593282026695799232e+02
-1.623141496855632804e+00
-3.836097147294566980e+02
-1.303294010320123562e+02
-3.770204974674667824e+02
-5.210551773995445046e+02
-2.522214521249424877e+02
-3.755059619709178946e+02
-2.588889460180249671e+02
-1.230823530872238081e+02
-6.177955637658429922e-01
